238 255 238 255 237 255 238 254 254 238 255 237 255 238 255 238
255 238 255 238 255 238   0   0   0   0 238 255 238 255 238 255
238 255 238 255 238   0   0   0   0   0   0 237 255 238 255 238
255 238 255 238  12   0   0   0   0   0   0  50 238 255 238 255
237 255 238 255   0   0   0   0   0   0   0   3 255 238 255 237
255 239 255 238 255   0   0   0   0   0   0 239 238 255 239 255
238 255 238 255 237 251   1 250 255 245  12 237 255 238 255 238
254 235 254 235 199 234 254 255 231 254 235 254 235 254 235 254
254 235 254 235 254   0 255 231 231 254   3  18 235 254 235 254
238 255 238 255 237 255 237 254 197   0 250 237 255 238 255 238
255 239 255 238 255 238  15  28   3  20 234 255 238 255 239 255
237 255 238 255 237 255 237 254   3 237 255 237 255 238 255 237
255 238 255 238 255 238 255 191 248 255 238 255 238 255 238 255
238 255 238 255 237 255 238 254 254 238 255 237 255 238 255 238
255 238 255 238 255 239 255 235 233 255 239 255 238 255 238 255
238 255 238 255 237 255 238 254 254 238 255 237 255 238 255 238
238 255 238 255 237 255 238 254 254 238 255 237 255 238 255 238
255 238 255 238 255 238   0   0   0   0 238 255 238 255 238 255
238 255 238 255 238   0   0   0   0   0   0 237 255 238 255 238
255 238 255 238  12   0   0   0   0   0   0  50 238 255 238 255
237 255 238 255   0   0   0   0   0   0   0   3 255 238 255 237
255 239 255 238 255   0   0   0   0   0   0 239 238 255 239 255
238 255 238 255 237 251   1 250 255 245  12 237 255 238 255 238
254 235 254 235 199 234 254 255 231 254 235 254 235 254 235 254
254 235 254 235 254   0 255 231 231 254   3  18 235 254 235 254
238 255 238 255 237 255 237 254 197   0 250 237 255 238 255 238
255 239 255 238 255 238  15  28   3  20 234 255 238 255 239 255
237 255 238 255 237 255 237 254   3 237 255 237 255 238 255 237
255 238 255 238 255 238 255 191 248 255 238 255 238 255 238 255
238 255 238 255 237 255 238 254 254 238 255 237 255 238 255 238
255 238 255 238 255 239 255 235 233 255 239 255 238 255 238 255
238 255 238 255 237 255 238 254 254 238 255 237 255 238 255 238
238 255 238 255 237 255 238 254 254 238 255 237 255 238 255 238
255 238 255 238 255 238   0   0   0   0 238 255 238 255 238 255
238 255 238 255 238   0   0   0   0   0   0 237 255 238 255 238
255 238 255 238  12   0   0   0   0   0   0  50 238 255 238 255
237 255 238 255   0   0   0   0   0   0   0   3 255 238 255 237
255 239 255 238 255   0   0   0   0   0   0 239 238 255 239 255
238 255 238 255 237 251   1 250 255 245  12 237 255 238 255 238
254 235 254 235 199 234 254 255 231 254 235 254 235 254 235 254
254 235 254 235 254   0 255 231 231 254   3  18 235 254 235 254
238 255 238 255 237 255 237 254 197   0 250 237 255 238 255 238
255 239 255 238 255 238  15  28   3  20 234 255 238 255 239 255
237 255 238 255 237 255 237 254   3 237 255 237 255 238 255 237
255 238 255 238 255 238 255 191 248 255 238 255 238 255 238 255
238 255 238 255 237 255 238 254 254 238 255 237 255 238 255 238
255 238 255 238 255 239 255 235 233 255 239 255 238 255 238 255
238 255 238 255 237 255 238 254 254 238 255 237 255 238 255 238

238 255 238 255 237 255 238 254 254 238 255 237 255 238 255 238
255 238 255 238 255 239 255 235 235 255 239 255 238 255 238 255
238 255 238 255 238 255 238 254 254 238 255 238 255 238 255 238
255 238 255 238 255 238 255 235 235 255 238 255 238 255 238 255
237 255 237  50   3 239 237 254  18 237 255 237 255 237 255 237
255 238   0   0   0   0  12 235   3 250 234 255 238 255 239 255
238   0   0   0   0   0 245 254 254   0  20 237 255 238 255 238
254   0   0   0   0   0 255 231 231 197   3   3 248 254 233 254
254   0   0   0   0   0 250 255 231 254  28 254 191 254 235 254
238   0   0   0   0   0   1 254 255 237  15 237 255 238 255 238
255 238   0   0   0   0 251 234   0 255 238 255 238 255 239 255
237 255 238  12   0 255 237 199 254 237 255 237 255 237 255 237
255 238 255 238 255 238 255 235 235 255 238 255 238 255 238 255
238 255 238 255 238 255 238 254 254 238 255 238 255 238 255 238
255 238 255 238 255 239 255 235 235 255 239 255 238 255 238 255
238 255 238 255 237 255 238 254 254 238 255 237 255 238 255 238
238 255 238 255 237 255 238 254 254 238 255 237 255 238 255 238
255 238 255 238 255 239 255 235 235 255 239 255 238 255 238 255
238 255 238 255 238 255 238 254 254 238 255 238 255 238 255 238
255 238 255 238 255 238 255 235 235 255 238 255 238 255 238 255
237 255 237  50   3 239 237 254  18 237 255 237 255 237 255 237
255 238   0   0   0   0  12 235   3 250 234 255 238 255 239 255
238   0   0   0   0   0 245 254 254   0  20 237 255 238 255 238
254   0   0   0   0   0 255 231 231 197   3   3 248 254 233 254
254   0   0   0   0   0 250 255 231 254  28 254 191 254 235 254
238   0   0   0   0   0   1 254 255 237  15 237 255 238 255 238
255 238   0   0   0   0 251 234   0 255 238 255 238 255 239 255
237 255 238  12   0 255 237 199 254 237 255 237 255 237 255 237
255 238 255 238 255 238 255 235 235 255 238 255 238 255 238 255
238 255 238 255 238 255 238 254 254 238 255 238 255 238 255 238
255 238 255 238 255 239 255 235 235 255 239 255 238 255 238 255
238 255 238 255 237 255 238 254 254 238 255 237 255 238 255 238
238 255 238 255 237 255 238 254 254 238 255 237 255 238 255 238
255 238 255 238 255 239 255 235 235 255 239 255 238 255 238 255
238 255 238 255 238 255 238 254 254 238 255 238 255 238 255 238
255 238 255 238 255 238 255 235 235 255 238 255 238 255 238 255
237 255 237  50   3 239 237 254  18 237 255 237 255 237 255 237
255 238   0   0   0   0  12 235   3 250 234 255 238 255 239 255
238   0   0   0   0   0 245 254 254   0  20 237 255 238 255 238
254   0   0   0   0   0 255 231 231 197   3   3 248 254 233 254
254   0   0   0   0   0 250 255 231 254  28 254 191 254 235 254
238   0   0   0   0   0   1 254 255 237  15 237 255 238 255 238
255 238   0   0   0   0 251 234   0 255 238 255 238 255 239 255
237 255 238  12   0 255 237 199 254 237 255 237 255 237 255 237
255 238 255 238 255 238 255 235 235 255 238 255 238 255 238 255
238 255 238 255 238 255 238 254 254 238 255 238 255 238 255 238
255 238 255 238 255 239 255 235 235 255 239 255 238 255 238 255
238 255 238 255 237 255 238 254 254 238 255 237 255 238 255 238

238 252 237 251 242 247 243 244 246 244 247 243 251 237 253 238
252 238 254 239 249 242 247 235 243 246 243 248 240 254 238 253
237 254 237 252 241 247 243 234 240 243 247 242 251 237 254 237
251 239 252 240 248 243 229 168 170 246 243 247 241 252 239 252
242 249 241 248 244 246 213  90 213 235 246 244 248 241 249 242
247 242 247 243 246 220 168  83 128 138 244 246 243 248 242 247
243 247 243 246 244 155 139 151 205 174 185 244 246 243 247 243
246 244 246 244 227 168 191 211 222 208 193 241 244 246 244 246
246 245 245 244 150 193 171 156 157 193 158 150 244 245 245 246
244 246 243 246 244 115  93 107  70  65 118 243 246 243 246 244
247 243 247 243 134   0   0   0   0   0   1 154 243 247 243 247
243 248 242 247  75   0   0   0   0   0   0  92 247 242 248 243
251 240 251 241  90   0   0   0   0   0   0  97 241 251 240 251
237 254 237 252 236   8   0   0   0   0   4 229 251 237 254 237
253 238 254 239 249 210  65   0   0  69 210 248 240 254 238 253
238 253 237 252 242 247 242 230 231 243 247 243 251 237 253 238
238 252 237 251 242 247 243 244 246 244 247 243 251 237 253 238
252 238 254 239 249 242 247 235 243 246 243 248 240 254 238 253
237 254 237 252 241 247 243 234 240 243 247 242 251 237 254 237
251 239 252 240 248 243 229 168 170 246 243 247 241 252 239 252
242 249 241 248 244 246 213  90 213 235 246 244 248 241 249 242
247 242 247 243 246 220 168  83 128 138 244 246 243 248 242 247
243 247 243 246 244 155 139 151 205 174 185 244 246 243 247 243
246 244 246 244 227 168 191 211 222 208 193 241 244 246 244 246
246 245 245 244 150 193 171 156 157 193 158 150 244 245 245 246
244 246 243 246 244 115  93 107  70  65 118 243 246 243 246 244
247 243 247 243 134   0   0   0   0   0   1 154 243 247 243 247
243 248 242 247  75   0   0   0   0   0   0  92 247 242 248 243
251 240 251 241  90   0   0   0   0   0   0  97 241 251 240 251
237 254 237 252 236   8   0   0   0   0   4 229 251 237 254 237
253 238 254 239 249 210  65   0   0  69 210 248 240 254 238 253
238 253 237 252 242 247 242 230 231 243 247 243 251 237 253 238
238 252 237 251 242 247 243 244 246 244 247 243 251 237 253 238
252 238 254 239 249 242 247 235 243 246 243 248 240 254 238 253
237 254 237 252 241 247 243 234 240 243 247 242 251 237 254 237
251 239 252 240 248 243 229 168 170 246 243 247 241 252 239 252
242 249 241 248 244 246 213  90 213 235 246 244 248 241 249 242
247 242 247 243 246 220 168  83 128 138 244 246 243 248 242 247
243 247 243 246 244 155 139 151 205 174 185 244 246 243 247 243
246 244 246 244 227 168 191 211 222 208 193 241 244 246 244 246
246 245 245 244 150 193 171 156 157 193 158 150 244 245 245 246
244 246 243 246 244 115  93 107  70  65 118 243 246 243 246 244
247 243 247 243 134   0   0   0   0   0   1 154 243 247 243 247
243 248 242 247  75   0   0   0   0   0   0  92 247 242 248 243
251 240 251 241  90   0   0   0   0   0   0  97 241 251 240 251
237 254 237 252 236   8   0   0   0   0   4 229 251 237 254 237
253 238 254 239 249 210  65   0   0  69 210 248 240 254 238 253
238 253 237 252 242 247 242 230 231 243 247 243 251 237 253 238

239 253 238 252 243 248 244 246 246 244 248 243 252 238 253 239
253 238 254 240 249 243 247 245 245 247 243 249 240 254 238 253
238 254 237 252 242 248 243 246 246 243 248 242 252 237 254 238
252 240 252 241 248 244 247 244 244 247 244 248 241 252 240 252
243 249 242 248 244 246 245 242 148 244 154  85  89 225 249 243
248 243 248 244 246 244 181 194 156 115   1   0   0   4 204 248
244 247 243 246 236 142 170 205 189  70   0   0   0   0  65 243
246 242 238 174 209 133 201 218 158  72   0   0   0   0   0 230
245 236 238 169  90  80 150 218 158 110   0   0   0   0   0 229
244 247 243 231 217 170 135 197 172  96   0   0   0   0  66 243
248 243 248 244 246 222 150 168 192 118   1   0   0   9 209 248
243 249 242 248 244 246 245 230 155 244 143  83  96 234 249 243
252 240 252 241 248 244 247 244 244 247 244 248 241 252 240 252
238 254 237 252 242 248 243 246 246 243 248 242 252 237 254 238
253 238 254 240 249 243 247 245 245 247 243 249 240 254 238 253
239 253 238 252 243 248 244 246 246 244 248 243 252 238 253 239
239 253 238 252 243 248 244 246 246 244 248 243 252 238 253 239
253 238 254 240 249 243 247 245 245 247 243 249 240 254 238 253
238 254 237 252 242 248 243 246 246 243 248 242 252 237 254 238
252 240 252 241 248 244 247 244 244 247 244 248 241 252 240 252
243 249 242 248 244 246 245 242 148 244 154  85  89 225 249 243
248 243 248 244 246 244 181 194 156 115   1   0   0   4 204 248
244 247 243 246 236 142 170 205 189  70   0   0   0   0  65 243
246 242 238 174 209 133 201 218 158  72   0   0   0   0   0 230
245 236 238 169  90  80 150 218 158 110   0   0   0   0   0 229
244 247 243 231 217 170 135 197 172  96   0   0   0   0  66 243
248 243 248 244 246 222 150 168 192 118   1   0   0   9 209 248
243 249 242 248 244 246 245 230 155 244 143  83  96 234 249 243
252 240 252 241 248 244 247 244 244 247 244 248 241 252 240 252
238 254 237 252 242 248 243 246 246 243 248 242 252 237 254 238
253 238 254 240 249 243 247 245 245 247 243 249 240 254 238 253
239 253 238 252 243 248 244 246 246 244 248 243 252 238 253 239
239 253 238 252 243 248 244 246 246 244 248 243 252 238 253 239
253 238 254 240 249 243 247 245 245 247 243 249 240 254 238 253
238 254 237 252 242 248 243 246 246 243 248 242 252 237 254 238
252 240 252 241 248 244 247 244 244 247 244 248 241 252 240 252
243 249 242 248 244 246 245 242 148 244 154  85  89 225 249 243
248 243 248 244 246 244 181 194 156 115   1   0   0   4 204 248
244 247 243 246 236 142 170 205 189  70   0   0   0   0  65 243
246 242 238 174 209 133 201 218 158  72   0   0   0   0   0 230
245 236 238 169  90  80 150 218 158 110   0   0   0   0   0 229
244 247 243 231 217 170 135 197 172  96   0   0   0   0  66 243
248 243 248 244 246 222 150 168 192 118   1   0   0   9 209 248
243 249 242 248 244 246 245 230 155 244 143  83  96 234 249 243
252 240 252 241 248 244 247 244 244 247 244 248 241 252 240 252
238 254 237 252 242 248 243 246 246 243 248 242 252 237 254 238
253 238 254 240 249 243 247 245 245 247 243 249 240 254 238 253
239 253 238 252 243 248 244 246 246 244 248 243 252 238 253 239
